231
13
195
85
226
238
166
200
1391
1280
1397
801
610
531
433
594
452
409
552
615
762
526
560
403
586
546
385
333
401
299
661
518
593
339
429
526
599
384
446
270
707
428
538
371
419
452
536
260
447
259
472
441
326
312
349
365
457
273
324
230
429
273
355
234
311
209
400
238
297
187
270
237
367
176
217
149
311
190
166
124
229
166
256
124
177
100
143
210
144
108
142
144
255
102
162
87
159
182
117
98
139
78
170
62
97
62
89
94
96
74
63
44
103
51
71
30
105
49
59
50
62
32
54
36
57
24
50
41
48
34
71
19
50
27
35
22
30
33
31
19
49
18
22
14
55
15
12
18
26
12
22
11
21
8
28
11
19
12
14
11
20
2
21
14
21
15
36
10
14
5
11
7
8
3
12
9
14
6
2
5
16
3
11
1
8
10
20
7
8
2
8
2
4
4
7
0
2
1
4
1
12
7
5
4
11
7
0
13
6
6
7
7
8
3
6
3
6
4
7
0
9
2
5
3
9
2
5
7
4
3
1
0
5
2
6
0
2
7
6
2
5
0
3
7
4
7
2
7
2
0
7
3
7
13
2
1
1
3
4
2
3
0
1
0
2
0
0
2
1
0
2
0
2
0
0
2
0
0
1
0
2
1
1
1
0
0
0
0
1
1
0
2
0
0
1
0
1
0
1
0
3
2
0
1
1
0
0
0
0
0
0
0
0
0
0
0
0
0
0
0
0
0
0
0
1
0
0
0
0
0
2
1
0
0
0
0
0
1
0
0
0
0
0
0
0
0
0
0
0
0
0
0
0
0
0
0
0
0
0
0
1
0
0
0
0
0
0
0
0
0
0
0
0
0
0
0
0
0
0
0
0
0
0
0
0
0
0
0
0
0
0
0
0
0
0
0
0
0
0
0
0
0
0
0
0
0
0
0
0
0
0
0
0
0
1
0
1
0
0
1
0
0
0
0
0
0
0
0
0
0
0
0
0
0
0
0
0
0
0
0
1
0
0
0
0
0
0
0
0
0
0
0
0
0
0
0
0
0
0
0
0
0
0
0
0
0
0
0
0
0
0
0
0
0
0
0
0
0
0
0
0
0
0
0
0
0
0
0
0
0
0
0
0
0
0
0
0
0
0
0
1
0
0
0
0
0
0
0
0
0
0
1
0
0
0
0
0
0
0
0
0
0
0
0
0
0
0
0
0
0
0
0
0
0
0
0
0
0
0
0
0
0
0
0
0
0
0
0
0
0
0
0
0
0
0
0
0
0
0
0
0
0
0
0
0
0
0
0
0
0
0
0
0
0
0
0
0
0
0
0
0
0
0
0
0
0
0
0
0
0
0
0
0
0
0
0
0
0
0
0
0
0
0
0
0
0
0
0
0
0
0
0
0
0
0
0
0
0
1
