6460
9472
1848
3200
1980
4933
3271
3460
1839
3537
905
1412
956
1390
723
1201
663
1051
523
564
444
685
409
372
244
397
193
282
218
277
197
188
173
196
106
164
116
186
84
91
85
105
62
65
45
85
44
54
26
69
33
31
21
23
17
19
37
37
24
30
10
32
11
17
10
33
13
14
11
22
16
11
12
24
12
9
4
8
8
6
7
12
9
10
1
81
5
28
8
16
10
5
1
6
0
9
2
0
5
3
1
1
3
2
0
3
2
5
2
2
9
1
0
3
2
0
0
2
0
0
1
2
0
0
1
0
0
0
0
1
2
2
3
0
0
0
1
1
0
0
0
0
1
0
0
0
0
0
0
0
0
0
0
0
0
0
0
0
0
0
0
0
0
0
0
0
0
0
0
0
1
0
0
1
0
0
0
0
0
1
0
0
0
0
0
0
0
0
0
0
3
